-3.499016761779785
-2.5748448371887207
-2.1450533866882324
-2.219350814819336
-1.1526151895523071
4.3152947425842285
4.6180500984191895
5.312256336212158
6.350692272186279
7.711834907531738
3096.975341796875
8987.568359375
15115.970703125
20994.173828125
27148.53125
0.30969753861427307
0.8987568616867065
1.5115970373153687
2.0994174480438232
2.714853048324585
1.0189627408981323
1.0407568216323853
1.015549659729004
1.0352782011032104
1.0377402305603027
1.009436845779419
1.0201748609542847
1.0077447891235352
1.0174862146377563
1.01869535446167
